1000 9905
195 463
858 277
474 26
475 847
114 5
703 943
997 206
356 218
233 657
713 671
608 419
223 266
668 389
265 110
277 306
76 88
541 34
855 966
643 750
265 250
522 721
493 786
758 294
406 651
282 909
948 707
256 820
43 604
395 759
912 411
400 335
788 130
883 896
19 535
296 112
995 782
747 795
231 997
676 131
396 155
573 53
130 738
649 541
853 293
47 338
236 361
532 974
227 630
472 988
904 337
163 503
563 865
344 553
590 586
917 282
844 846
6 523
908 499
141 540
783 925
418 867
955 72
738 440
25 3
689 228
491 744
500 842
969 558
432 154
826 70
954 115
516 798
498 407
285 484
530 962
289 976
219 19
203 694
722 134
428 509
968 794
767 746
509 742
497 806
176 509
820 958
566 174
898 876
426 125
137 486
122 556
673 148
412 184
33 53
548 764
881 265
661 443
994 616
649 387
462 966
764 66
547 572
458 445
762 628
925 359
907 932
476 777
306 504
27 305
753 132
138 762
341 465
606 742
273 913
401 100
187 951
27 174
744 844
675 842
376 182
451 891
855 697
74 478
511 699
574 259
305 254
412 514
586 373
115 695
867 356
425 665
853 313
156 543
406 573
419 322
978 666
245 425
463 486
537 427
49 374
305 972
272 147
71 541
185 662
311 210
41 986
262 498
62 800
568 933
917 318
855 594
694 384
129 472
504 752
480 436
722 114
391 952
413 896
196 16
471 142
371 10
98 878
708 395
565 526
125 7
327 975
876 658
892 921
479 528
190 477
7 249
10 175
362 730
849 228
78 310
300 276
696 561
345 389
116 540
246 967
48 724
285 25
713 710
843 531
458 638
788 240
590 316
560 383
356 146
303 501
103 903
161 388
290 736
256 432
845 338
573 713
962 46
378 281
565 115
803 930
772 307
493 638
87 608
401 183
298 329
190 891
728 446
123 436
624 767
252 528
238 615
496 66
601 33
840 935
329 422
369 933
260 796
550 109
78 423
287 485
179 228
491 86
164 368
934 852
867 307
260 931
943 238
302 226
269 939
805 473
331 638
618 504
672 658
491 884
149 742
465 879
154 76
374 547
805 811
93 73
41 566
334 333
483 949
616 958
193 659
124 929
909 893
36 255
555 793
239 464
426 735
373 410
908 443
807 118
714 358
698 867
115 207
187 234
831 525
978 51
962 684
48 180
988 341
478 326
332 949
907 66
727 349
215 169
860 162
453 756
516 982
168 892
561 251
590 126
612 658
152 400
564 605
162 927
855 110
52 361
630 810
78 445
707 79
845 485
423 851
981 677
428 747
659 161
458 610
999 154
890 609
484 722
412 23
142 952
53 355
354 290
568 592
994 370
49 865
416 816
364 30
700 704
888 864
63 347
356 714
587 601
269 237
736 788
934 225
687 939
819 99
639 418
362 410
786 296
164 148
771 388
511 63
993 276
574 475
832 150
838 476
145 321
168 254
757 164
374 668
623 987
225 108
888 284
547 580
488 293
943 992
747 35
782 550
720 949
180 411
240 559
477 270
940 682
392 912
997 696
306 305
72 199
534 481
277 373
478 795
229 415
750 445
175 793
842 550
475 51
756 416
793 218
333 177
119 608
157 323
19 940
368 844
794 564
674 478
333 403
114 2
484 912
357 366
346 830
952 450
552 796
646 186
647 663
412 196
856 525
28 771
782 309
277 947
435 618
612 840
1 945
437 585
900 87
193 253
319 705
69 578
30 984
52 816
837 284
705 90
317 148
302 312
48 865
153 961
435 217
473 910
84 395
75 846
769 586
95 259
939 665
887 743
452 636
909 770
93 382
115 730
776 266
724 448
853 292
268 94
970 64
633 906
504 210
656 191
329 41
862 349
990 278
993 18
97 69
425 606
399 858
515 133
754 973
719 109
309 585
295 554
525 373
585 474
803 111
755 806
936 908
679 888
593 734
99 778
872 522
390 405
106 462
719 816
929 665
197 550
896 340
563 258
557 198
320 971
104 946
547 880
312 287
609 543
829 838
901 713
703 893
869 69
411 597
581 593
431 542
609 904
403 57
261 59
959 84
354 938
234 735
592 632
829 552
497 7
566 457
53 298
293 379
683 175
223 254
501 504
462 886
377 714
891 49
195 998
715 239
850 938
342 545
105 503
578 189
338 694
528 906
156 971
909 259
35 746
255 271
57 634
724 262
674 763
236 424
990 65
863 221
408 679
889 306
356 785
613 324
857 780
605 438
161 773
494 899
297 325
430 107
322 816
35 345
117 253
660 238
505 283
412 801
914 607
26 267
774 719
997 542
245 345
173 204
33 985
949 834
264 412
989 170
992 242
330 505
63 749
301 168
529 973
234 93
475 349
866 518
25 30
813 13
676 795
515 415
591 168
404 70
522 481
659 712
717 322
521 687
653 7
431 988
159 461
146 540
368 916
422 689
674 6
169 726
59 582
635 551
122 734
928 389
360 71
199 438
551 221
717 53
393 111
33 208
589 172
532 112
55 803
540 641
686 899
420 73
764 103
322 142
90 402
934 393
918 694
213 72
108 274
458 289
829 302
939 434
638 678
609 905
564 45
359 611
165 166
922 611
283 39
730 452
415 546
725 839
736 777
757 941
494 701
443 701
49 550
624 219
995 841
374 262
1000 977
453 917
277 431
526 306
430 135
527 543
309 894
166 653
408 417
245 396
945 334
729 471
838 147
115 944
297 579
822 679
789 294
614 261
512 629
163 247
846 344
558 460
121 609
50 543
401 923
440 575
478 975
177 352
971 790
842 658
916 253
149 266
501 971
484 159
950 468
259 803
3 845
722 335
445 532
341 995
15 358
107 769
220 544
632 416
376 734
177 979
898 853
313 243
833 484
100 45
61 710
298 8
235 590
565 86
159 997
146 452
165 376
974 792
721 440
425 139
249 463
599 315
270 29
436 269
274 416
114 675
591 919
317 30
238 823
213 221
888 865
765 881
640 960
643 291
274 322
562 689
190 630
898 370
322 598
70 984
1 743
93 281
311 454
631 793
931 717
804 325
681 406
353 37
318 906
709 320
344 928
435 523
37 451
327 877
334 319
301 462
230 508
231 909
841 515
741 644
328 372
1 306
365 967
280 759
118 343
121 291
230 79
513 415
396 309
35 79
986 998
612 266
392 864
139 29
291 422
789 171
737 234
996 609
271 601
332 921
318 732
232 285
164 411
489 370
437 242
55 679
257 276
901 579
868 650
713 419
822 207
203 541
55 724
593 149
121 549
928 606
90 185
555 337
574 719
170 241
805 662
656 988
346 990
453 922
540 602
133 28
502 725
412 197
285 881
252 260
380 305
181 768
511 521
864 654
39 422
540 713
395 307
67 883
636 98
69 815
678 891
912 767
933 775
882 881
983 215
922 552
481 712
632 888
227 444
86 353
126 534
36 670
364 3
792 744
584 842
127 300
991 311
369 620
745 933
88 244
508 965
913 5
821 660
221 424
593 797
867 330
170 998
597 957
46 173
448 204
265 778
287 333
127 2
738 229
926 940
851 577
741 915
390 729
81 177
983 337
78 292
519 373
861 26
917 280
261 836
317 712
650 58
334 53
619 345
15 922
951 190
827 116
838 175
855 322
234 280
594 40
888 245
319 129
140 564
241 509
665 371
815 895
447 45
131 187
752 975
768 100
987 104
258 858
673 825
712 257
696 646
950 271
668 810
350 587
976 150
265 63
137 641
825 87
831 105
962 200
321 240
291 797
639 848
835 962
952 705
327 446
323 364
961 256
651 588
447 786
912 844
252 671
713 724
916 600
222 291
299 566
598 78
564 74
588 112
536 869
424 261
499 843
868 448
675 844
450 553
680 726
53 636
683 989
463 299
624 947
188 68
540 145
355 461
156 746
567 945
531 462
350 536
671 717
83 471
376 331
193 619
827 980
735 679
314 641
5 812
468 394
895 45
442 301
671 860
939 64
642 114
699 399
315 390
707 648
961 648
865 244
144 366
20 940
392 824
524 193
673 665
36 443
665 45
371 12
408 2
873 434
529 750
713 281
789 84
461 3
617 949
251 723
802 193
533 95
116 848
674 7
12 738
34 934
115 305
557 442
926 241
731 75
553 895
237 254
310 586
356 156
341 800
638 526
90 480
955 752
886 516
707 371
874 144
967 829
610 602
717 790
39 366
89 217
180 128
289 484
829 379
947 862
52 890
644 134
633 517
117 668
541 266
134 864
503 387
843 46
497 759
40 785
277 716
313 771
443 700
212 703
120 543
993 270
39 946
443 813
193 454
724 505
597 885
301 344
605 266
865 165
610 982
524 816
432 280
657 337
362 233
399 876
36 106
771 217
282 310
603 902
569 794
253 769
1 326
21 139
225 288
568 818
257 109
701 618
353 708
512 741
242 756
833 959
794 687
487 902
239 33
167 772
793 365
984 228
146 513
417 324
493 342
614 122
815 857
946 984
547 779
641 210
121 924
159 710
971 452
627 358
150 911
321 271
394 597
548 822
440 235
83 885
502 179
748 513
313 460
111 980
246 370
929 810
70 684
716 118
610 977
312 788
403 703
687 855
123 338
808 468
237 294
844 274
807 670
494 751
389 513
134 771
292 348
300 711
562 686
799 687
298 700
16 278
142 506
753 729
790 422
24 769
173 480
269 973
815 91
546 781
231 63
291 250
165 669
629 408
102 296
802 722
932 113
338 82
709 97
858 813
289 638
931 955
658 673
955 33
139 28
488 906
361 412
470 558
723 426
500 881
573 692
958 674
704 525
63 794
790 320
879 420
572 524
629 589
814 561
998 306
983 74
613 201
785 989
320 864
266 346
532 81
219 470
419 696
167 14
461 301
447 238
930 276
994 579
530 417
324 906
623 246
644 425
243 762
673 495
568 131
843 827
360 70
991 131
958 472
338 833
71 97
787 208
528 928
932 800
256 823
95 252
834 380
47 121
655 382
622 647
761 353
869 854
400 209
649 83
144 214
738 182
643 60
10 739
280 578
322 861
558 800
183 924
965 914
349 436
520 896
5 856
440 40
602 772
334 395
542 748
173 119
746 843
304 234
727 787
831 758
517 879
63 600
249 610
250 781
718 348
153 356
836 239
747 444
254 860
276 102
295 266
315 712
279 877
844 814
215 83
687 453
953 318
241 508
115 423
446 748
704 249
380 1
204 343
612 340
258 859
70 157
726 436
157 71
105 302
863 613
4 718
355 850
800 677
15 462
808 848
941 984
636 135
551 494
829 264
385 919
961 432
265 361
551 383
311 762
256 868
666 999
887 423
160 256
658 3
135 697
688 822
619 986
411 177
274 651
369 160
776 345
743 437
286 846
300 266
307 369
754 698
518 825
670 724
465 985
571 637
442 443
81 649
904 588
562 88
727 886
802 683
343 521
439 26
941 180
413 635
641 664
698 987
684 730
535 790
541 907
53 454
490 225
272 436
527 88
189 235
864 3
297 775
923 759
798 481
970 550
367 458
43 384
336 662
267 248
519 462
685 994
355 515
104 769
485 140
572 564
498 9
456 870
465 208
284 652
46 983
989 669
630 973
59 600
426 205
964 840
638 700
289 211
113 823
77 852
636 910
835 184
251 929
91 856
593 353
957 860
243 517
372 428
708 985
350 838
705 885
9 942
157 328
191 434
54 752
766 846
824 37
716 83
902 568
134 726
202 770
56 382
75 42
701 338
114 524
5 331
248 742
598 218
691 420
749 422
127 278
308 668
782 956
880 42
115 450
814 269
248 452
193 453
74 425
967 273
19 705
667 253
762 181
67 793
417 177
97 18
775 627
596 60
620 202
179 564
291 174
168 291
779 709
211 391
763 690
766 375
204 287
508 579
534 105
119 891
817 27
211 372
486 142
89 848
642 198
517 521
101 301
428 19
287 856
120 502
384 105
93 665
901 988
677 19
243 52
728 75
64 897
621 823
656 325
784 394
34 233
362 682
410 392
629 616
744 414
944 192
727 207
896 99
954 921
521 602
172 814
156 427
68 879
733 587
610 115
907 690
233 697
713 743
308 141
612 499
426 48
146 765
176 498
971 340
850 696
557 703
282 659
959 255
891 157
711 398
677 522
806 358
94 404
721 446
182 794
873 523
88 845
455 477
937 358
796 63
664 818
644 755
937 247
725 112
66 911
749 394
880 455
221 721
147 246
50 411
714 882
196 512
434 909
164 230
30 380
139 416
187 444
5 867
615 916
317 561
608 686
571 274
370 753
921 199
975 60
103 949
448 575
275 119
289 637
533 978
846 267
742 488
673 727
382 31
332 516
115 172
427 792
564 879
46 706
175 794
586 991
309 276
55 304
202 964
558 345
255 953
998 160
76 400
295 246
759 909
134 48
245 851
565 756
983 69
142 607
694 24
966 797
401 679
298 252
60 697
777 988
212 807
28 724
674 76
488 541
6 393
924 900
872 493
983 427
911 190
218 227
147 37
60 706
578 259
138 992
341 231
640 354
297 650
668 304
931 928
346 766
165 282
612 245
852 580
912 753
566 514
553 737
146 185
43 707
800 70
784 571
360 605
982 553
312 672
722 919
9 704
236 71
117 452
724 348
23 80
447 804
474 707
174 398
639 208
110 998
893 581
140 99
390 735
543 806
32 747
253 855
254 16
936 849
899 359
828 327
745 487
818 365
89 115
750 784
948 984
112 648
756 225
738 436
352 231
135 62
139 59
443 780
128 776
456 133
846 406
910 883
569 563
343 424
163 798
312 452
419 488
846 1
498 403
560 154
447 478
253 411
333 35
209 93
11 291
584 127
893 235
41 475
298 797
855 19
366 452
556 908
794 809
941 582
322 54
855 128
327 299
995 261
171 199
284 510
570 899
366 294
475 264
725 357
906 385
251 226
455 20
810 37
27 309
100 965
928 56
748 985
584 906
714 601
442 772
80 409
958 324
264 336
692 176
288 310
52 791
718 944
69 242
411 176
311 411
789 917
374 313
130 459
421 728
648 276
102 407
675 573
306 136
823 493
491 140
761 344
956 50
961 620
359 141
141 346
54 709
797 867
889 130
482 568
802 539
88 415
880 971
978 440
20 24
14 826
824 297
534 61
438 70
701 580
150 458
797 901
245 632
48 140
376 777
212 77
200 87
647 135
781 679
622 426
470 966
381 249
862 888
841 513
374 275
730 762
927 804
16 584
57 396
521 573
669 365
216 147
215 999
806 526
919 997
974 368
636 671
95 738
155 521
359 809
51 584
906 207
551 175
989 958
829 585
96 691
316 636
208 925
49 280
860 653
330 640
501 473
941 844
764 465
639 711
324 850
398 249
327 45
368 418
331 54
60 488
545 526
260 250
45 838
394 864
397 447
400 493
643 443
386 688
84 359
136 439
252 899
71 185
553 330
95 311
173 617
801 532
52 666
957 425
942 327
127 214
965 878
107 122
948 604
951 655
259 209
67 792
670 993
361 763
605 264
989 91
169 389
870 948
616 787
546 854
429 50
178 370
966 475
70 300
845 746
224 156
906 638
64 373
482 732
871 90
206 476
893 766
196 338
608 882
71 658
480 485
651 270
301 137
943 558
267 57
452 863
895 289
275 530
202 606
757 256
559 638
893 960
106 498
141 689
112 815
578 888
203 813
216 937
951 49
784 395
54 237
77 132
212 552
704 594
355 574
963 191
746 309
684 896
604 187
667 788
976 818
336 401
544 751
195 470
603 501
34 968
219 460
517 941
907 693
752 664
574 673
705 566
741 208
869 491
483 160
580 440
273 674
592 896
664 269
653 782
9 120
319 671
380 415
991 169
655 630
930 579
221 526
441 630
61 933
748 801
820 438
914 800
696 965
41 457
98 170
981 229
14 404
161 992
104 571
420 875
305 733
412 727
514 523
507 723
53 803
558 960
347 644
395 940
605 507
117 864
295 847
577 346
27 825
374 656
909 187
70 249
805 890
975 142
723 225
177 197
359 213
514 220
736 340
401 859
735 526
494 638
176 827
304 192
103 208
710 824
658 671
681 710
10 446
854 791
253 148
971 969
383 561
372 262
641 481
81 156
502 760
323 107
134 49
372 548
436 825
110 208
493 312
612 690
330 922
171 60
285 540
764 853
584 467
52 329
689 404
454 685
882 168
59 802
81 463
891 346
345 370
829 512
443 451
425 458
100 204
364 713
347 573
241 18
562 780
525 513
584 512
234 921
113 216
900 204
648 829
735 57
691 705
179 83
146 182
679 352
369 775
9 886
140 472
454 248
806 109
75 245
701 153
407 18
325 869
236 64
74 423
428 335
725 132
948 613
990 248
832 246
425 672
689 595
244 816
137 765
231 204
782 740
253 628
658 130
738 224
560 704
149 312
303 688
468 115
575 868
887 950
926 546
837 141
123 813
254 17
606 842
590 591
679 906
187 72
923 636
762 460
966 813
220 738
875 871
508 388
515 278
755 701
120 631
363 936
999 318
349 176
845 916
232 493
525 968
840 236
125 126
253 41
609 305
681 988
124 57
524 318
93 525
29 357
646 899
870 267
68 785
508 72
684 203
280 257
690 884
894 748
391 394
129 556
42 360
530 624
364 670
664 470
694 714
688 492
964 521
318 501
279 969
113 107
954 547
118 452
906 398
198 428
345 104
899 603
22 670
648 217
591 987
316 959
616 237
193 44
624 712
587 476
680 586
644 173
156 967
316 157
852 831
834 350
236 420
148 385
648 390
745 902
835 824
731 891
753 517
148 821
939 790
84 903
315 189
874 452
984 316
268 205
771 254
576 70
940 735
686 15
62 805
489 243
54 885
935 980
455 782
224 96
611 588
568 793
533 777
606 689
129 467
385 73
59 264
426 631
262 273
414 540
335 618
337 416
928 699
987 216
271 771
63 171
275 324
650 408
484 118
102 653
105 383
638 851
756 698
651 830
513 421
68 644
54 467
57 109
358 837
531 853
919 714
618 601
74 571
365 232
900 245
460 316
208 813
421 167
792 517
411 113
284 225
625 13
473 808
882 692
634 873
353 450
838 715
648 467
164 843
505 104
14 296
573 7
443 814
237 55
857 876
372 240
981 403
520 288
162 345
866 853
120 879
301 486
583 464
953 847
511 501
187 3
689 837
917 349
546 569
230 54
68 149
705 991
244 461
361 68
154 922
319 484
391 923
971 957
491 523
154 525
396 962
801 492
383 882
159 429
110 309
240 72
685 853
671 262
251 865
696 722
954 790
4 753
777 823
336 33
31 372
507 72
823 632
575 203
91 393
657 682
324 913
146 433
223 173
316 513
389 219
997 922
70 528
986 185
950 532
679 238
521 20
599 311
988 918
916 531
4 53
562 748
765 924
714 790
245 896
87 888
723 676
579 584
563 335
302 289
787 919
990 114
717 746
307 811
417 375
700 291
999 849
156 557
196 927
226 297
692 574
418 631
515 31
40 445
421 608
279 390
738 711
892 965
453 159
940 679
67 533
819 546
736 196
827 255
721 528
738 430
813 448
617 711
12 353
968 439
789 183
333 219
225 434
44 146
998 215
33 743
896 291
770 260
864 215
239 209
441 138
884 154
225 547
387 876
262 104
708 456
451 33
418 170
129 805
718 97
730 691
786 641
125 187
197 734
781 954
363 855
697 155
114 63
385 637
980 245
7 994
431 758
271 25
772 722
9 10
873 971
748 721
102 629
91 898
57 790
360 929
738 210
553 598
517 51
959 866
781 638
363 403
772 391
900 92
886 877
486 607
639 623
307 120
625 213
860 916
957 14
411 214
922 726
351 912
994 936
607 227
903 738
795 509
64 97
562 288
830 258
819 499
658 847
613 914
754 740
748 308
961 902
11 699
983 705
508 679
443 52
82 159
692 713
945 27
395 6
785 626
202 516
296 577
188 599
102 53
915 684
897 969
167 747
793 8
116 241
104 665
401 871
958 605
442 204
997 953
380 941
110 258
663 964
392 461
798 53
413 73
107 828
733 512
152 461
261 149
815 786
138 160
820 900
74 802
440 72
350 591
722 418
375 136
570 798
350 990
924 793
925 496
484 768
565 25
142 970
769 620
687 566
941 450
184 171
958 507
429 759
53 471
762 843
636 864
285 740
696 181
952 799
93 443
740 646
64 175
959 612
435 312
938 673
175 186
503 729
362 479
930 989
573 83
443 882
407 791
268 127
680 903
771 80
774 817
540 435
524 776
391 259
912 42
664 699
131 862
315 45
542 700
687 317
339 163
713 82
61 914
737 52
775 814
119 912
317 744
983 971
451 330
14 824
832 671
46 649
110 566
983 952
626 727
805 766
224 847
958 750
686 345
617 863
488 852
284 768
29 859
358 236
306 812
837 322
945 707
858 292
792 74
242 1
828 792
673 217
929 183
877 665
860 617
494 155
681 980
820 117
857 405
910 649
40 729
779 121
762 538
568 207
311 821
7 712
446 376
798 749
468 784
844 411
197 617
798 183
833 174
368 51
654 95
680 694
648 468
852 860
108 188
326 15
500 404
253 827
505 829
303 789
362 307
605 405
236 280
210 816
252 996
23 154
574 356
652 362
678 466
184 882
663 106
701 787
577 749
597 973
841 176
936 156
727 644
323 706
148 415
832 844
542 555
101 473
263 62
619 404
383 267
529 940
824 844
197 822
568 822
823 6
805 567
718 360
497 676
372 300
236 50
866 357
626 763
163 843
681 98
261 442
154 522
564 773
638 914
842 671
826 120
385 374
423 410
796 551
65 730
198 926
259 806
578 536
725 999
1000 186
640 123
859 97
856 846
259 951
278 119
910 762
324 515
741 35
886 757
797 92
506 257
158 398
56 80
901 46
338 966
602 39
388 848
734 568
369 136
456 12
65 183
678 931
690 166
21 880
642 296
62 324
853 40
835 725
566 839
550 120
239 969
293 225
924 261
217 447
715 392
308 994
511 37
667 45
960 465
214 992
968 971
311 370
762 212
361 725
515 30
878 806
41 907
268 202
597 646
88 426
362 201
864 283
684 526
6 550
944 675
780 57
548 45
433 970
736 197
132 984
684 669
496 782
940 823
172 457
327 879
721 672
622 986
413 834
668 286
559 909
293 781
955 368
152 67
9 478
988 275
550 558
47 739
817 448
86 847
142 717
968 884
846 885
546 113
843 721
146 259
574 835
904 427
565 4
547 521
270 160
473 468
294 26
367 560
460 246
51 307
750 243
702 118
939 352
423 595
601 833
222 475
848 806
668 209
991 818
819 167
503 470
839 88
715 86
644 90
574 159
153 609
151 186
320 254
92 104
368 202
631 843
444 23
178 71
731 785
273 345
867 369
351 544
546 954
598 483
844 615
576 205
315 147
67 667
213 560
92 295
598 717
158 590
54 879
899 360
885 159
462 192
139 175
747 146
137 962
345 871
71 997
404 168
888 139
856 340
300 9
603 736
551 576
988 958
717 344
220 336
342 620
336 317
216 179
907 384
286 95
578 977
371 853
945 678
584 98
158 149
567 363
642 606
938 441
6 473
869 79
265 209
185 394
223 454
426 100
891 376
536 965
892 23
109 475
327 292
55 981
593 406
632 588
706 175
651 754
781 703
433 785
290 582
644 393
699 750
593 295
99 426
805 491
428 824
416 912
631 152
282 633
818 535
35 771
329 546
346 576
368 8
408 911
759 244
806 891
670 607
360 700
36 703
164 500
420 862
857 221
991 385
282 795
179 189
386 973
518 930
26 356
559 178
857 790
487 247
224 405
701 925
776 300
830 611
615 763
357 711
528 317
502 400
179 943
291 809
148 678
221 56
404 520
680 859
746 649
13 268
417 643
173 198
931 458
767 883
219 825
439 820
477 481
193 938
228 233
984 971
125 431
401 945
985 787
218 844
366 794
385 361
538 849
637 421
964 171
802 218
938 447
800 271
797 341
120 495
637 206
668 708
655 915
959 663
171 6
155 925
194 189
394 299
993 357
164 965
751 899
935 120
4 686
332 19
411 676
160 868
878 2
108 761
517 249
169 779
61 813
208 815
887 97
483 103
986 850
330 798
517 10
995 758
351 164
833 173
282 605
815 373
377 345
915 323
760 418
969 526
566 888
678 102
39 984
406 293
210 602
302 378
166 421
558 939
799 583
625 629
415 334
587 169
442 488
151 448
245 485
447 889
672 681
37 297
899 386
386 243
756 531
923 280
687 355
980 223
221 53
124 841
235 352
366 762
962 901
923 393
304 295
550 616
414 572
497 714
903 344
560 585
547 242
987 491
491 536
422 922
41 729
188 536
982 835
447 317
193 950
162 447
642 885
665 12
18 702
336 374
69 593
509 295
381 154
73 601
555 589
891 286
924 670
979 605
546 136
360 395
413 159
517 537
648 712
497 509
532 329
265 152
780 553
506 556
379 278
986 498
253 305
954 788
223 393
650 13
744 160
691 859
566 361
324 524
589 8
94 638
121 295
636 485
251 65
436 245
83 888
869 377
318 241
778 713
30 709
592 18
665 874
583 844
930 606
68 327
844 271
222 399
151 145
999 510
530 122
108 18
201 688
886 33
17 230
830 936
231 165
219 677
53 849
108 279
945 275
567 956
255 176
401 594
615 912
796 622
366 662
917 270
55 413
542 757
746 848
490 146
435 815
664 611
443 264
85 999
980 465
653 405
116 157
573 606
461 996
999 356
345 850
839 228
417 262
219 158
564 873
920 171
828 524
822 86
237 526
2 555
957 796
208 284
775 164
542 177
660 164
513 380
439 691
209 134
392 418
156 395
102 587
218 595
717 102
241 309
246 518
172 925
992 412
967 994
255 988
21 576
613 934
975 771
337 747
375 87
177 834
108 690
678 738
471 608
274 220
705 640
833 331
796 377
856 532
468 730
772 498
173 891
624 687
967 145
808 550
660 591
558 662
275 744
463 982
910 178
341 438
678 95
659 831
530 201
49 535
196 834
892 551
108 118
435 222
886 216
300 672
192 57
635 271
857 825
316 474
396 98
35 418
897 515
74 132
292 83
940 615
758 250
945 319
710 121
57 747
953 788
951 353
16 700
406 190
889 234
283 545
582 71
250 564
322 969
254 20
41 631
975 28
27 548
301 189
34 472
306 597
128 925
480 416
867 780
462 112
279 650
945 106
874 16
693 764
654 882
606 619
185 973
759 847
81 876
262 187
360 293
654 797
659 693
827 507
874 515
941 271
444 809
618 428
196 218
113 556
3 890
100 318
427 38
64 892
48 337
121 893
750 336
896 47
595 613
542 60
670 957
90 103
53 17
272 920
812 290
704 955
61 517
17 981
644 507
76 229
42 405
821 141
308 496
627 722
994 723
78 670
62 35
88 666
161 722
459 376
53 420
865 870
376 367
259 317
263 905
584 910
131 375
739 234
902 736
373 808
142 149
970 314
808 401
183 571
40 827
937 51
41 6
151 217
209 840
781 322
786 472
615 613
313 232
535 420
168 46
670 905
577 737
532 949
771 82
69 672
41 945
425 530
248 139
931 792
969 429
241 966
870 286
301 481
576 89
941 175
300 825
656 33
880 889
309 517
970 833
572 909
331 825
560 973
872 847
600 510
818 269
305 166
415 169
847 170
262 276
72 6
660 399
529 885
172 373
449 940
301 835
30 131
562 45
627 197
662 452
738 694
150 552
281 431
600 651
996 784
582 623
769 512
181 142
38 521
845 703
918 557
280 241
445 521
906 109
162 237
534 637
612 373
371 673
817 793
17 915
623 87
698 378
937 706
313 216
61 586
744 212
285 130
531 854
990 601
807 61
518 432
721 196
498 887
262 626
658 303
381 682
902 218
711 364
523 603
484 693
264 125
913 379
930 571
62 174
878 423
583 892
679 293
244 744
687 814
341 366
628 790
793 909
723 634
45 538
1000 585
729 141
507 715
104 167
68 146
424 5
341 28
64 60
598 441
819 444
454 481
148 724
205 805
187 294
169 343
723 856
131 633
567 603
133 261
421 585
261 996
207 88
118 333
600 188
435 677
257 837
64 329
824 991
800 806
664 520
826 693
72 211
162 385
898 377
242 671
495 216
822 472
228 941
693 421
608 195
21 472
60 334
133 512
929 375
380 983
1 120
777 306
265 159
581 641
547 817
569 329
919 773
702 495
225 855
800 627
945 638
345 282
623 107
842 974
494 181
995 496
217 848
773 209
872 148
467 664
913 470
729 323
116 786
293 316
332 278
834 112
963 652
113 129
574 22
298 277
616 296
543 793
123 360
913 240
291 676
271 506
972 606
847 923
322 574
566 837
97 998
482 184
523 946
561 728
911 571
420 230
738 105
187 725
60 93
13 341
746 556
230 661
909 38
303 811
383 505
885 103
151 487
84 954
265 864
527 632
254 366
36 37
790 154
849 702
596 93
192 363
124 878
175 594
326 922
455 230
576 385
336 934
23 926
872 888
774 913
983 540
628 349
646 596
940 817
614 216
944 308
766 487
963 194
558 499
82 472
923 690
951 577
893 992
694 243
396 530
475 11
759 795
944 18
228 141
346 276
256 52
572 522
223 718
663 957
815 906
337 959
802 3
731 235
589 201
661 204
522 130
603 469
205 826
454 673
26 936
229 859
730 976
158 345
881 356
223 381
575 232
890 872
212 514
657 651
925 183
96 895
887 187
838 22
122 866
892 322
655 422
930 611
36 566
218 433
331 242
497 191
818 108
269 184
915 378
760 515
293 573
178 399
282 773
800 682
181 551
213 988
16 360
109 603
516 173
745 133
10 794
321 587
748 438
36 970
884 662
889 120
50 154
737 956
274 978
559 367
926 550
896 696
987 564
953 644
382 46
510 99
2 968
611 596
872 852
942 204
158 735
846 360
82 45
963 460
926 704
567 214
715 835
651 219
104 668
910 884
323 954
909 671
167 885
650 273
337 10
447 453
750 742
551 979
882 486
703 788
764 774
219 411
384 884
828 887
579 427
570 170
238 20
497 174
886 640
557 480
677 747
34 895
208 852
800 810
413 281
56 10
610 689
920 755
796 350
708 626
270 45
341 631
365 145
5 448
303 175
285 624
556 478
201 621
754 323
459 14
886 844
632 923
445 394
140 819
57 642
277 689
338 577
501 147
799 732
324 205
840 771
948 470
291 973
478 381
961 837
728 120
66 611
563 734
490 279
566 956
36 927
454 506
133 300
594 673
956 88
832 214
943 834
725 450
70 170
853 689
12 119
657 366
219 541
520 930
979 7
293 395
76 785
421 950
758 993
212 272
943 529
432 81
439 387
548 103
107 721
14 831
590 734
58 503
495 158
136 458
99 613
489 17
660 392
326 652
85 783
671 8
214 621
984 892
879 373
493 474
239 10
149 254
267 847
716 566
863 929
995 744
833 758
261 357
10 627
484 114
690 901
707 715
403 236
99 669
63 62
122 742
674 113
927 577
15 443
128 341
925 32
916 293
313 328
941 822
692 460
325 741
414 590
186 937
191 440
812 115
288 137
363 463
346 691
296 388
518 723
338 771
339 550
217 134
145 161
643 446
757 516
98 131
359 744
50 476
36 733
678 100
994 73
634 160
688 968
763 268
302 376
306 71
14 300
760 581
883 835
520 145
153 968
65 276
348 893
258 149
795 422
503 815
841 292
291 199
735 640
695 285
232 877
582 125
953 358
1 302
439 116
847 107
150 137
486 49
975 471
867 758
707 621
135 236
456 581
552 350
93 866
583 219
244 498
561 16
745 307
158 934
951 255
37 875
230 758
360 382
737 416
833 801
637 71
733 980
937 771
384 909
495 257
595 943
65 572
307 932
952 303
806 446
533 350
219 678
152 695
29 921
209 442
462 916
66 453
610 646
20 502
9 99
561 702
307 834
238 814
829 729
901 188
808 964
523 582
127 466
660 693
844 442
972 199
442 854
756 862
958 438
339 706
229 762
341 400
182 924
735 32
795 247
887 357
424 419
66 905
825 13
892 541
92 905
807 612
887 282
19 626
258 198
900 297
23 74
503 642
292 57
719 370
385 192
620 149
343 606
662 982
791 182
296 844
443 44
17 333
563 783
857 412
777 181
491 984
184 896
974 983
650 141
652 111
672 917
586 231
254 73
477 438
685 241
337 259
359 879
799 121
551 712
183 196
349 764
68 4
175 800
95 868
126 170
122 921
950 25
642 966
185 724
196 266
279 951
694 18
16 661
932 899
683 271
831 159
746 421
30 506
930 188
109 355
346 55
111 237
440 432
76 195
761 957
595 681
220 77
494 449
721 259
248 983
104 283
213 423
711 360
144 754
532 301
627 617
166 39
282 608
503 290
696 46
515 530
327 240
937 324
701 291
190 480
784 561
51 210
930 723
236 46
43 598
985 193
32 21
839 506
796 942
525 168
128 846
921 508
362 374
499 691
248 100
46 36
106 883
417 740
42 780
611 966
61 505
433 114
608 832
754 962
520 534
171 962
687 394
37 701
619 448
675 498
310 395
957 912
941 107
45 182
67 642
784 298
425 13
495 234
686 321
195 230
233 63
286 51
215 251
181 263
589 394
111 954
721 786
794 750
44 1
279 874
323 74
825 780
94 907
55 643
689 333
662 773
215 985
163 610
780 755
86 878
499 220
78 450
480 861
530 621
217 798
143 2
385 293
754 15
80 226
498 849
551 22
858 541
574 973
317 380
617 430
464 725
181 360
134 749
545 842
550 165
551 372
347 16
331 145
335 354
969 729
934 215
682 372
674 752
821 591
878 528
520 246
830 919
45 581
822 775
194 997
943 845
219 751
329 99
771 84
476 246
794 159
743 144
947 439
676 223
353 982
915 959
434 689
92 437
481 340
443 197
266 886
313 17
306 631
552 355
334 25
204 608
559 608
949 580
551 656
684 503
353 545
444 856
873 442
837 287
849 908
203 767
720 547
332 985
814 513
584 50
15 740
508 250
698 38
972 159
831 326
725 903
851 636
564 579
52 415
803 737
695 439
57 7
280 354
265 242
565 935
68 641
750 477
845 503
868 936
315 824
968 542
256 394
255 840
1000 399
657 594
342 194
365 227
583 350
670 412
284 79
86 199
551 395
294 944
80 492
208 689
942 42
178 857
307 7
402 273
494 731
705 104
782 20
565 396
736 770
308 667
682 360
795 155
1000 587
535 341
611 211
994 57
832 132
193 478
16 26
434 992
369 427
588 705
22 251
98 341
887 599
211 174
452 716
607 436
19 823
832 930
460 931
32 666
447 971
304 331
127 851
384 467
871 510
666 41
261 883
942 154
795 662
188 888
111 542
572 915
497 719
224 1
480 801
893 873
750 978
948 926
201 311
739 609
824 831
896 348
73 717
291 258
55 293
980 670
256 42
662 486
959 288
609 749
739 650
43 131
595 942
707 168
376 632
115 869
901 264
591 860
29 93
60 821
761 928
831 88
753 260
806 270
365 54
203 807
248 956
816 638
69 818
152 616
424 679
105 741
351 116
172 573
319 746
955 16
487 669
809 788
437 635
166 139
739 215
83 603
283 109
502 19
178 893
251 273
683 908
389 521
305 582
910 165
70 480
10 917
526 501
832 400
914 363
883 862
151 112
466 354
784 771
162 939
589 976
734 11
867 422
795 389
45 798
391 310
710 16
275 543
351 750
743 881
857 621
186 78
770 76
221 324
572 960
274 895
573 377
44 361
206 5
124 633
612 868
76 735
337 258
914 958
728 743
572 806
428 238
201 444
167 851
903 95
561 140
817 282
113 326
220 767
525 954
432 983
894 363
220 622
389 503
712 238
697 158
200 450
20 181
263 627
497 97
273 759
915 192
826 493
21 589
540 595
426 31
838 840
615 296
697 120
443 925
755 430
497 482
207 779
632 675
407 469
834 35
423 475
360 934
783 110
752 408
588 246
441 555
830 15
722 876
999 684
739 243
903 938
616 262
698 915
944 845
728 239
321 815
791 902
798 134
867 228
740 638
524 515
281 28
247 606
947 188
805 38
553 21
311 317
701 117
852 7
486 781
956 967
425 571
409 222
353 382
733 437
770 161
170 604
535 99
103 613
102 274
418 775
455 800
59 27
866 649
962 968
71 305
431 941
103 640
426 669
724 910
211 309
604 420
626 684
733 200
224 952
614 85
314 460
914 335
301 860
858 555
971 888
238 329
793 188
348 392
738 768
99 530
104 956
30 68
703 881
732 294
474 82
579 429
891 399
876 160
143 156
739 595
42 257
617 371
636 441
543 671
583 610
551 128
311 959
592 959
275 125
648 993
616 53
981 867
104 233
164 643
129 704
434 441
200 811
195 397
743 894
778 590
783 243
201 531
493 747
277 846
832 411
226 934
299 3
66 863
945 631
291 638
633 737
887 300
724 57
139 690
502 202
106 547
952 915
518 934
198 164
636 579
951 263
566 946
311 257
413 404
429 182
691 159
231 238
410 234
871 91
26 2
923 304
654 384
748 299
603 799
589 873
861 196
112 461
402 903
617 608
748 284
413 627
571 339
419 222
934 739
836 581
28 890
712 795
175 645
788 720
435 872
901 863
791 479
461 984
577 983
559 611
927 15
784 279
718 128
811 622
24 428
552 20
33 674
639 853
453 517
367 67
99 929
82 305
555 498
497 878
295 183
632 287
427 7
567 331
200 395
916 449
78 428
356 54
764 155
720 209
1000 97
857 408
30 322
109 443
669 57
32 418
929 916
659 255
139 632
575 435
99 458
834 107
428 792
433 642
514 877
696 120
109 221
976 280
406 735
28 69
319 582
736 916
851 948
919 279
596 706
966 161
895 773
4 117
870 589
866 632
28 410
142 406
805 254
330 222
39 826
870 988
203 101
874 403
515 41
165 736
151 333
762 300
249 855
965 905
480 344
879 983
456 407
771 976
569 801
22 437
25 87
137 909
581 74
304 170
170 323
514 21
239 330
439 788
442 40
225 424
304 57
140 663
190 774
200 122
254 781
822 456
702 801
828 700
122 520
906 810
615 300
176 195
803 446
346 319
608 198
8 924
923 969
219 84
609 748
24 166
299 28
356 91
727 180
881 748
110 174
475 895
792 171
756 740
224 573
29 92
895 994
640 495
294 352
367 938
868 77
831 91
688 475
963 851
213 272
547 528
768 323
881 462
754 84
990 946
959 231
928 153
714 678
968 650
626 410
94 412
298 129
173 787
616 299
247 855
537 249
414 179
809 932
576 937
922 589
632 981
246 21
66 903
620 354
30 890
895 936
737 602
477 863
98 20
339 802
322 684
931 614
629 333
424 228
509 479
740 583
311 329
443 945
779 571
727 833
139 472
714 92
736 508
934 585
120 913
333 476
576 388
118 543
736 218
737 119
767 752
921 120
225 347
7 391
45 80
177 472
298 862
15 904
932 344
883 266
633 311
642 853
954 99
936 554
48 474
843 365
788 494
519 14
433 331
261 298
389 357
104 833
462 718
911 480
938 462
441 110
741 27
66 261
858 281
270 395
952 350
402 771
811 229
613 81
464 456
726 272
858 136
3 73
661 427
555 216
280 458
229 937
410 918
436 213
934 380
555 105
886 581
479 17
876 573
156 212
104 285
14 174
803 871
331 102
459 45
226 784
298 357
317 455
596 899
601 836
433 714
787 219
517 78
741 102
648 179
389 987
620 311
550 14
308 685
955 638
722 911
235 992
400 187
454 2
615 637
122 434
970 228
525 414
578 492
981 754
403 817
321 386
343 911
126 485
805 182
808 102
353 95
210 832
447 957
110 857
701 836
650 984
173 221
619 53
305 45
759 479
789 499
662 99
261 842
120 28
466 248
508 751
567 162
789 356
702 927
24 290
701 568
135 54
284 876
853 877
909 769
796 297
402 978
465 449
102 958
394 79
841 830
516 770
958 583
228 864
428 354
512 341
803 374
41 761
245 831
713 581
294 225
773 483
774 68
589 712
229 235
473 281
552 852
203 896
313 192
705 582
613 117
81 300
229 892
947 513
802 260
311 958
699 628
167 186
151 529
868 5
192 558
512 145
476 878
220 768
204 189
811 495
540 807
208 824
9 953
7 738
269 503
750 144
734 757
900 175
574 66
26 732
958 509
575 442
70 749
236 99
787 247
769 768
296 314
939 464
818 739
604 267
870 148
2 500
442 767
587 51
182 757
802 940
477 903
169 494
207 290
889 319
338 463
725 161
728 123
356 772
362 473
624 60
349 205
95 505
44 637
525 322
763 579
850 453
872 979
248 143
123 849
274 821
278 917
407 755
466 77
230 434
175 535
126 227
936 821
520 564
36 86
814 831
842 387
970 732
662 254
121 594
893 820
915 718
474 354
864 38
756 124
872 593
909 640
234 354
533 244
108 396
595 807
543 463
157 256
972 651
561 804
64 860
102 644
638 858
642 575
458 656
204 364
962 256
360 178
877 659
381 580
299 465
467 787
233 597
125 607
437 323
259 639
795 593
484 802
520 344
252 693
345 77
308 327
402 252
421 160
332 381
80 494
208 691
793 439
445 58
759 975
639 604
674 560
471 778
22 556
74 384
598 211
946 336
252 923
680 700
734 499
737 573
169 441
579 738
557 248
412 715
767 329
784 685
954 990
46 128
340 421
468 210
702 592
240 849
22 249
403 873
634 385
698 836
981 412
32 589
896 786
183 942
240 672
338 213
108 792
509 284
990 469
793 831
296 737
426 816
893 758
182 285
111 681
42 864
956 460
261 642
874 197
305 198
768 762
197 816
179 223
922 383
319 493
244 914
803 464
141 681
483 748
135 399
697 193
573 791
114 824
577 432
306 970
594 377
323 149
159 573
863 535
76 331
96 521
703 958
636 371
618 642
341 857
682 871
384 686
955 697
316 681
778 60
933 566
401 365
75 274
437 679
938 156
613 798
999 148
924 863
946 643
48 970
293 312
78 730
523 635
304 975
491 371
678 933
825 375
4 60
385 982
799 883
265 680
621 37
290 877
951 188
437 795
101 978
959 698
429 987
800 273
89 334
951 634
878 788
793 584
226 490
926 812
193 440
434 898
552 225
623 894
525 18
207 954
950 684
625 622
771 174
3 312
619 72
969 105
533 616
166 823
832 831
482 760
157 644
528 24
508 632
126 59
609 67
485 528
850 175
667 623
337 256
45 79
767 822
917 491
205 265
189 900
713 334
306 652
381 200
479 235
491 648
989 393
591 373
258 555
887 254
775 18
824 588
162 79
662 384
355 578
901 729
371 748
355 723
119 410
933 712
702 399
904 450
940 256
696 868
215 788
453 911
260 501
759 347
618 38
617 294
12 898
177 782
43 796
251 209
821 805
754 200
347 674
131 497
422 176
207 698
958 454
317 454
815 443
874 901
356 444
216 231
108 333
165 146
459 957
723 728
924 65
563 759
825 295
914 171
476 600
847 635
114 589
188 452
631 976
264 268
598 283
106 717
217 364
265 934
72 708
182 163
71 270
516 169
36 91
258 169
499 519
321 591
355 144
749 647
953 942
515 979
274 959
705 481
132 38
391 276
529 179
162 572
73 79
680 33
93 20
596 125
210 976
562 61
874 379
245 577
861 111
330 457
49 39
729 645
575 313
444 704
393 594
931 46
515 431
906 784
393 675
358 277
361 247
750 635
292 611
246 810
215 101
641 118
537 133
566 8
366 98
918 757
722 266
523 199
318 449
302 970
543 264
711 666
859 175
475 678
920 985
164 830
720 134
321 205
123 89
705 203
466 986
322 209
910 470
783 76
363 487
290 947
463 512
284 149
30 913
514 822
625 25
846 100
169 51
668 51
800 123
69 554
105 993
50 288
75 137
459 822
649 842
923 103
852 839
394 958
343 844
878 535
517 323
378 829
50 509
515 958
689 631
687 228
266 640
448 803
545 651
965 770
583 343
586 457
952 755
793 689
866 841
580 751
818 36
296 774
885 204
279 455
608 879
606 814
348 42
172 504
136 830
909 989
489 132
999 678
702 952
763 910
742 868
110 455
862 982
812 191
461 935
154 561
319 345
981 54
358 305
489 422
917 148
629 922
324 368
91 7
663 993
195 485
824 499
702 500
168 939
560 413
265 247
985 672
323 329
604 826
882 232
574 690
522 41
375 101
354 576
57 230
403 462
591 865
596 829
320 624
997 410
180 228
623 304
436 142
47 679
970 115
269 282
471 916
331 33
718 749
333 915
652 733
986 975
255 326
434 889
577 186
943 415
50 282
916 869
304 657
726 884
305 680
732 753
697 626
301 403
259 75
80 668
524 709
836 695
315 193
875 219
358 204
326 145
594 641
28 523
952 655
277 292
558 143
158 633
430 770
40 344
282 317
447 581
710 981
742 539
555 788
847 228
228 628
45 106
393 537
490 203
642 220
534 470
37 646
811 575
650 170
775 920
889 903
926 284
997 613
383 917
665 22
746 439
109 406
418 939
306 888
536 357
754 77
722 176
390 216
694 10
115 361
8 621
461 173
216 720
660 775
324 763
359 951
879 107
77 925
150 811
928 445
986 111
329 928
381 615
114 98
668 439
150 922
318 104
539 642
5 98
479 63
688 428
483 56
624 554
109 46
455 70
493 911
994 660
226 778
632 761
248 814
778 693
817 921
325 598
436 273
43 866
715 792
227 396
229 742
359 699
714 902
919 309
442 80
355 336
784 600
648 503
79 697
724 322
469 196
749 273
472 323
588 657
936 434
221 344
757 774
829 153
304 524
526 363
340 442
734 14
79 991
281 185
395 820
841 196
235 181
397 864
705 437
743 213
675 333
54 666
258 407
222 604
944 346
286 313
400 684
607 587
611 652
101 486
505 569
489 92
989 279
198 527
439 890
902 374
549 25
616 276
817 142
728 543
197 932
608 117
440 743
494 567
902 257
281 505
985 845
730 260
998 297
195 44
467 730
1000 157
416 318
539 832
167 3
587 403
962 329
307 900
234 748
53 168
950 686
720 155
333 744
560 308
161 351
401 328
458 395
276 632
392 21
623 360
863 441
97 714
764 274
108 334
313 614
249 352
47 157
584 999
135 464
95 733
936 368
463 845
416 77
709 613
92 617
540 129
389 763
149 379
691 23
740 968
598 506
767 401
491 154
480 233
425 568
766 731
288 736
898 105
934 619
689 820
827 162
210 96
27 570
376 136
763 884
876 557
35 548
736 248
59 909
392 776
168 261
465 455
232 470
530 933
11 863
694 208
38 660
241 536
719 775
150 518
779 114
450 292
203 676
370 207
243 359
466 570
964 205
488 30
569 283
626 796
815 794
247 292
571 544
103 768
622 272
824 327
788 226
901 333
912 322
48 693
892 46
363 696
768 158
60 760
355 940
43 891
118 477
691 695
223 114
429 154
304 904
1000 693
69 664
546 84
969 906
496 84
183 880
632 928
302 502
147 519
407 73
959 620
430 410
801 518
252 992
456 561
532 658
700 268
494 797
297 295
904 793
429 802
255 16
59 493
84 904
468 303
396 60
80 952
67 951
818 37
837 199
529 158
508 707
514 234
879 956
762 390
357 930
841 109
662 13
561 414
379 122
301 155
434 572
879 658
715 917
419 336
633 380
724 941
972 421
232 419
819 642
266 265
816 187
883 117
167 788
211 488
33 272
17 875
270 551
253 437
552 532
241 405
739 658
152 386
444 954
671 277
930 113
659 437
91 183
354 607
940 314
980 971
425 345
399 103
937 708
941 928
891 285
747 977
17 550
555 34
887 201
355 968
82 880
431 295
50 730
803 150
450 895
644 447
142 89
787 164
401 161
592 188
133 378
209 652
874 986
946 511
599 411
645 223
398 395
363 863
326 500
610 803
577 42
904 934
706 334
22 780
494 825
852 203
49 674
891 679
696 439
622 900
329 178
516 354
165 796
494 936
978 737
897 589
255 133
404 555
775 612
460 991
12 16
162 613
699 310
166 777
558 255
712 683
804 155
842 338
612 844
277 5
633 175
941 30
319 414
211 257
894 6
966 755
624 486
755 892
718 368
524 153
229 365
376 815
214 531
504 353
606 549
475 37
385 221
115 74
522 438
278 512
157 369
361 206
824 690
822 77
552 609
846 71
518 633
445 694
542 860
817 323
216 802
508 26
123 370
371 786
925 253
124 490
604 828
915 827
916 480
996 182
137 479
636 397
492 405
842 968
15 11
39 433
890 627
670 365
481 405
659 28
56 455
754 162
630 625
778 690
763 80
74 727
41 422
424 314
207 593
959 966
49 915
982 301
278 832
336 292
184 474
972 339
408 974
906 912
801 605
14 354
911 656
477 845
274 695
170 612
615 602
622 614
277 613
76 526
724 434
139 588
340 443
627 819
342 960
37 357
629 507
207 149
182 713
943 769
305 949
572 109
519 566
995 590
982 642
796 516
932 101
455 824
439 87
885 131
542 764
905 939
157 642
729 687
107 271
690 258
155 131
440 633
718 332
479 696
82 466
817 141
547 100
140 694
765 454
243 29
760 945
758 716
138 83
836 14
893 107
286 107
16 635
954 977
112 980
119 487
954 832
167 941
777 969
595 590
962 471
191 59
798 81
871 645
341 906
33 73
937 755
755 148
137 507
252 426
15 510
646 180
461 434
985 264
837 791
532 187
365 22
41 883
549 536
657 470
530 183
515 537
44 999
428 591
139 829
565 351
865 573
238 553
350 39
209 869
105 916
895 841
696 273
40 213
683 637
170 600
685 384
697 937
183 754
735 801
652 347
28 477
455 952
4 654
67 953
850 476
245 422
743 363
763 553
250 460
396 488
568 553
922 63
148 633
611 973
760 273
300 844
466 100
799 314
896 587
537 335
3 423
996 724
353 830
793 348
466 247
139 167
379 826
314 67
104 721
371 142
478 854
349 648
846 987
867 898
360 300
953 473
216 875
16 615
816 602
823 168
48 328
512 455
988 724
459 398
223 441
601 745
484 43
142 930
988 587
648 534
704 946
488 317
401 410
958 134
915 81
155 324
653 297
359 540
546 727
569 214
493 854
131 495
99 35
887 10
400 508
293 79
313 641
152 769
246 33
28 236
929 607
207 446
523 867
305 642
123 647
435 259
292 408
493 521
135 706
192 28
606 99
292 495
679 749
828 169
118 777
671 557
339 76
88 332
474 813
528 771
19 798
352 449
978 653
562 76
162 606
278 651
139 370
749 907
953 682
145 549
699 410
650 586
687 437
569 890
456 93
64 514
428 35
586 907
399 418
357 20
319 13
807 574
858 329
96 258
977 399
962 637
797 559
266 36
893 19
752 905
570 118
54 143
263 401
926 83
485 257
788 16
113 850
392 353
381 577
21 528
425 511
146 931
268 867
164 454
364 756
438 749
369 10
665 997
63 282
47 897
673 50
496 446
330 695
811 460
136 68
838 551
469 192
18 24
331 35
21 867
479 507
338 765
584 856
568 54
491 281
723 658
282 980
100 627
106 752
895 944
244 614
942 739
675 996
801 545
325 803
46 659
662 738
311 496
169 463
670 861
378 863
970 59
149 646
79 965
121 55
452 713
733 328
40 459
352 493
595 283
500 221
600 131
50 860
895 500
720 952
853 960
839 749
608 781
464 811
521 906
442 69
595 121
962 780
10 385
569 918
898 368
276 460
519 256
177 572
116 131
15 545
120 309
770 917
380 895
306 886
629 636
53 645
158 74
531 556
72 263
163 592
590 73
662 86
557 256
116 976
155 960
915 826
833 581
25 512
581 539
693 241
507 66
773 329
332 47
815 578
61 728
85 210
730 25
270 124
808 675
627 659
21 790
740 402
799 579
308 294
614 986
460 425
465 537
679 852
550 230
878 755
269 826
476 631
425 919
173 561
155 42
325 886
17 77
914 213
80 747
101 991
75 631
126 344
796 832
715 749
343 999
163 325
457 96
25 724
116 291
571 433
258 482
975 147
387 666
784 38
583 430
490 11
506 755
224 179
723 91
625 977
894 208
615 110
671 936
14 848
767 819
153 411
137 120
212 548
336 330
176 227
732 424
534 722
148 9
186 324
774 205
100 258
816 584
617 9
727 84
877 711
734 848
661 326
575 128
925 113
838 818
961 734
497 20
911 51
470 449
739 792
725 341
63 338
428 845
415 805
751 673
809 746
717 977
403 377
176 983
834 175
673 363
910 104
70 645
623 475
365 311
353 407
999 568
502 112
948 330
36 652
532 521
900 469
353 256
474 740
601 106
819 223
565 463
161 921
880 31
843 229
238 665
615 633
445 321
191 813
729 206
112 248
294 558
321 50
101 836
482 966
926 783
529 39
13 398
201 950
917 584
184 836
315 170
335 39
727 865
68 418
175 398
898 103
708 381
206 304
546 661
148 489
75 699
225 266
451 344
549 415
236 910
537 511
496 803
975 405
742 384
23 263
91 286
163 189
711 191
63 988
253 62
825 677
120 365
391 874
506 906
840 102
125 228
2 519
8 201
719 694
119 458
102 668
658 34
470 144
901 314
856 811
29 111
752 844
860 924
158 997
574 661
63 400
947 517
902 815
707 389
764 82
252 318
137 240
670 426
143 302
312 874
670 565
268 557
251 367
951 872
994 461
23 309
584 838
386 851
888 935
114 912
616 502
286 808
804 685
587 55
880 59
365 573
293 160
995 858
463 208
890 108
857 797
417 952
553 116
481 49
766 618
692 585
434 841
453 59
457 56
336 839
46 74
309 924
736 440
44 415
137 779
751 186
249 815
396 284
92 435
866 678
23 991
743 108
372 520
141 560
549 435
510 273
408 225
962 856
653 469
286 134
860 63
805 746
572 747
177 373
784 411
159 301
237 573
418 121
404 452
815 986
564 599
764 946
73 565
612 750
851 514
284 641
600 770
306 949
125 296
57 9
149 473
872 386
522 170
665 635
850 585
889 421
655 848
694 766
592 912
313 337
795 597
668 477
464 291
294 630
321 174
74 558
476 846
264 26
925 347
751 729
238 900
556 928
132 17
598 100
506 68
479 267
503 401
929 634
913 157
386 823
792 814
66 559
433 496
239 514
409 383
887 700
411 281
37 335
477 137
633 994
500 175
805 789
364 494
516 499
866 872
409 153
176 700
253 930
490 20
239 627
386 165
577 660
598 770
380 555
641 759
674 781
426 719
978 400
637 653
332 533
774 452
757 276
28 970
430 594
626 753
208 410
685 936
765 154
12 598
641 2
76 609
3 813
138 12
765 11
967 723
896 112
695 352
113 748
404 335
246 896
929 248
163 544
536 6
609 592
313 147
327 342
99 271
81 360
817 700
947 637
548 804
562 157
938 152
460 196
599 347
144 653
294 71
915 431
596 707
928 13
51 334
896 489
200 872
90 336
530 224
961 228
250 101
744 1000
490 692
571 869
924 287
735 975
1000 828
286 755
186 445
187 346
978 707
282 122
122 381
728 636
913 820
237 405
326 771
295 720
279 411
317 580
432 306
287 124
646 755
223 636
491 758
625 844
242 552
24 715
392 879
796 62
717 934
139 10
358 402
840 365
954 253
868 603
11 84
324 405
492 8
816 69
391 769
368 892
510 523
388 537
885 709
724 709
916 23
276 182
925 223
492 612
328 541
151 667
119 263
812 158
324 617
453 907
379 43
659 205
199 252
146 392
960 988
868 253
123 46
271 256
134 760
359 587
933 776
492 40
610 903
729 51
621 5
179 14
58 837
661 874
173 532
726 832
568 350
753 870
297 200
687 95
891 803
602 581
880 111
273 343
3 122
645 567
64 147
460 771
537 563
465 632
376 429
213 710
131 879
775 686
301 35
399 682
242 169
614 365
266 861
709 55
231 823
470 725
72 132
400 651
898 134
183 176
736 106
276 389
719 915
499 244
7 119
30 172
693 628
31 381
660 355
493 494
591 341
594 27
693 485
361 132
90 842
948 585
416 660
422 645
9 480
854 664
655 601
785 939
271 928
219 403
627 14
349 842
722 262
447 163
483 277
15 431
843 614
950 286
4 700
834 895
467 890
194 222
219 472
660 935
652 983
32 412
55 860
919 555
212 669
195 585
179 332
751 708
187 873
976 306
740 427
411 97
801 313
431 98
813 774
533 668
868 503
799 823
21 171
730 496
469 268
10 964
377 421
767 336
494 152
787 984
863 205
277 554
521 284
979 320
834 453
971 498
933 415
112 229
939 770
210 654
141 252
781 850
775 637
158 513
303 600
714 401
770 159
809 419
701 885
462 187
796 687
451 422
659 909
948 786
552 475
617 763
721 801
802 927
291 414
681 522
210 253
816 897
872 967
48 185
340 945
806 974
713 867
323 615
44 77
998 662
746 179
768 817
223 483
202 769
370 159
689 273
393 812
159 445
162 115
436 854
403 495
276 255
519 77
65 612
851 517
64 849
229 185
55 217
403 244
340 735
9 365
394 465
103 801
507 140
533 322
276 989
425 509
411 702
130 858
824 18
756 940
111 301
891 143
198 629
623 316
420 567
256 560
548 999
312 775
97 759
702 52
999 754
530 253
551 273
476 621
98 155
170 764
43 518
562 554
523 816
230 900
639 552
674 700
217 319
992 755
679 429
661 930
956 790
669 631
709 570
545 585
862 88
974 694
611 216
633 880
690 217
287 357
478 464
905 722
784 941
716 121
605 283
737 899
573 253
278 987
182 359
426 829
500 78
528 49
456 492
278 805
466 189
366 994
277 115
962 701
447 295
528 223
590 941
93 747
59 807
708 472
158 57
381 909
789 121
647 111
997 998
233 905
986 329
825 845
185 238
95 535
929 255
669 787
758 671
579 107
318 413
247 489
655 774
54 395
683 57
591 720
995 507
29 199
604 605
534 880
9 107
624 558
251 185
625 735
473 231
915 504
75 119
57 992
166 130
867 19
8 60
230 977
263 968
749 381
606 396
273 72
403 573
308 582
737 604
863 244
442 688
122 408
287 456
252 976
903 754
795 493
525 615
344 769
650 863
813 641
746 676
710 11
89 627
615 430
681 279
280 600
889 212
62 798
447 532
339 247
323 538
303 528
127 892
516 615
905 560
125 267
510 223
955 62
738 418
645 918
633 328
444 569
581 40
686 677
616 980
76 672
831 592
621 892
395 500
884 238
595 647
779 74
570 445
148 814
522 312
172 881
655 580
512 510
513 939
220 613
43 228
850 748
464 63
137 367
545 378
375 779
86 858
582 831
949 200
588 440
521 497
116 677
544 574
214 254
471 645
698 315
921 461
426 6
651 707
983 302
380 321
972 61
997 478
446 428
765 594
750 254
95 975
186 873
613 654
83 911
946 563
583 810
466 680
419 664
986 784
970 445
704 858
723 735
833 99
569 864
283 78
265 719
913 203
36 654
734 317
420 813
207 423
66 997
490 681
331 459
575 548
424 920
738 2
666 443
888 619
460 828
708 863
311 171
847 277
334 760
754 191
434 818
662 906
975 113
761 61
317 615
67 620
710 902
602 791
767 243
974 827
577 595
979 995
727 577
139 216
326 526
720 785
344 633
349 679
649 399
983 936
656 210
133 102
295 226
555 897
578 770
63 990
985 828
12 392
76 603
121 358
172 198
64 967
953 335
592 761
206 797
137 314
547 867
200 406
773 493
276 843
150 868
599 79
301 648
488 401
531 727
591 539
603 185
510 913
282 682
172 522
450 996
947 805
51 280
786 157
218 491
259 295
920 619
526 964
30 922
754 376
921 819
648 85
776 106
61 992
209 821
526 154
378 100
161 970
808 411
828 295
421 488
913 553
540 114
526 5
692 821
951 520
681 60
979 323
303 773
568 746
58 952
40 67
352 341
875 131
126 267
952 760
361 666
838 164
611 401
370 728
805 331
791 487
291 48
366 596
731 377
171 550
746 926
528 101
34 345
414 334
978 61
378 533
64 517
600 631
267 152
784 270
824 811
343 493
99 857
831 616
872 599
384 11
132 697
480 676
320 905
7 235
889 712
854 586
733 820
582 613
17 879
417 181
237 303
428 467
94 766
259 839
974 898
856 777
854 276
824 359
932 850
720 200
189 395
544 614
872 19
947 611
124 160
39 393
722 525
338 982
967 813
808 714
226 867
833 265
762 657
869 731
363 454
725 21
551 520
230 810
365 509
631 998
647 893
359 739
285 732
329 340
766 938
876 30
680 817
623 755
858 429
776 356
452 677
235 63
700 387
44 607
722 147
782 681
897 255
183 932
899 399
705 428
541 862
157 777
567 962
440 771
148 572
165 634
973 770
230 80
783 950
823 229
96 84
392 885
638 188
73 356
150 480
484 426
835 801
832 159
508 304
399 387
738 737
208 412
210 326
140 541
891 450
354 797
225 643
637 94
655 611
569 742
929 225
517 526
76 498
962 463
157 111
216 725
747 659
128 411
384 821
739 515
370 98
133 902
134 353
494 910
447 250
638 715
507 71
73 817
627 374
241 151
940 425
259 577
423 978
319 927
542 284
393 267
783 18
52 8
94 391
72 823
96 988
960 609
942 945
506 503
391 455
79 614
320 383
711 157
363 307
971 48
977 95
574 239
740 755
759 177
653 740
137 505
291 575
94 48
499 896
743 413
92 334
303 844
953 84
165 939
24 785
260 625
45 645
913 921
163 326
715 277
532 965
331 524
480 194
162 18
377 190
303 674
966 422
514 319
296 820
244 138
580 556
563 790
833 518
804 84
111 602
900 967
405 495
427 619
45 56
49 61
716 368
694 431
163 53
510 220
718 289
910 362
116 115
637 687
345 791
43 424
816 232
80 210
305 373
186 464
354 846
962 561
908 760
690 608
584 227
897 154
702 599
774 192
707 255
323 230
495 300
173 902
704 827
635 513
762 421
474 233
475 848
746 878
261 53
47 612
285 175
128 278
555 209
540 683
815 611
810 978
124 232
87 468
327 453
631 283
22 430
163 26
344 307
18 204
40 556
973 420
955 953
759 119
959 913
781 625
911 978
218 391
810 195
777 282
887 467
105 783
969 610
71 230
807 690
331 381
964 757
316 143
635 427
587 12
625 337
678 165
862 134
97 792
960 410
472 292
843 375
700 468
281 176
131 947
848 719
334 590
799 512
345 824
53 954
735 690
116 258
357 568
874 466
986 848
310 358
862 307
996 833
784 5
362 17
144 484
399 692
663 279
79 220
466 879
991 845
969 152
29 552
121 447
177 509
286 169
146 772
110 557
646 697
10 215
323 932
112 869
443 398
703 649
390 10
733 994
992 292
186 359
993 605
119 455
183 428
358 617
108 852
162 220
721 43
797 502
228 949
988 791
678 682
365 101
294 163
910 253
321 199
393 242
87 504
682 200
435 159
263 877
532 567
972 177
187 875
114 649
479 387
299 537
817 932
625 19
921 818
994 434
509 855
238 271
238 713
631 946
597 14
134 772
356 700
583 47
676 403
806 286
696 305
524 735
641 861
415 350
481 54
67 813
947 273
309 872
400 956
900 633
405 325
980 784
701 883
686 25
752 939
983 617
451 424
314 583
306 413
918 252
150 362
580 395
317 763
295 504
912 283
81 820
854 873
250 817
76 745
499 210
205 207
326 77
160 692
769 110
823 983
366 806
972 642
129 888
497 219
335 670
85 631
160 914
672 706
34 951
306 944
436 967
505 507
422 310
52 279
968 952
881 329
38 998
371 653
481 859
479 176
950 133
51 601
473 597
184 118
293 700
294 207
192 513
246 756
821 246
643 650
222 381
818 70
513 606
331 39
631 112
118 173
726 940
998 897
506 67
402 262
373 785
874 854
395 723
912 583
86 446
587 71
739 384
524 620
869 468
66 554
987 696
553 452
706 762
800 379
72 514
44 514
58 605
892 909
762 197
464 400
784 943
453 28
438 864
184 895
314 690
667 890
170 830
245 410
356 887
400 823
510 86
37 430
495 998
642 39
789 308
148 428
961 655
550 420
628 499
167 721
153 387
7 40
46 694
327 783
898 511
332 615
370 302
146 991
453 737
458 989
385 321
349 944
759 953
817 326
416 441
732 375
100 505
484 24
836 309
985 533
34 987
916 493
294 265
719 536
391 589
859 237
646 205
479 148
480 798
160 156
968 547
510 942
385 781
647 557
119 955
985 416
969 875
949 261
588 203
955 924
895 626
697 325
238 935
60 387
614 990
578 64
672 5
708 707
697 694
166 275
852 790
563 349
232 389
674 734
959 675
749 267
161 754
109 620
956 939
894 892
724 447
781 16
639 300
306 240
73 203
827 958
666 368
283 672
552 119
734 131
370 654
802 739
400 787
954 422
196 421
215 395
344 720
519 364
371 185
941 125
138 378
139 354
893 772
116 159
629 826
854 913
980 596
785 674
769 37
491 641
495 73
560 238
358 755
728 537
604 255
38 765
989 563
96 462
78 210
834 628
559 769
757 369
859 43
881 567
42 643
397 931
695 502
938 345
901 339
99 735
595 706
285 743
47 615
359 785
747 783
814 678
563 376
850 524
545 90
947 602
432 701
130 768
475 625
99 445
144 748
90 344
53 340
665 467
521 34
578 53
181 363
688 733
514 813
770 707
74 756
554 58
592 377
832 392
486 585
990 969
739 75
722 903
652 626
78 157
622 660
164 340
334 988
210 534
891 757
58 131
659 557
294 546
889 404
709 641
430 98
530 780
477 93
836 516
941 700
54 713
404 1000
712 665
486 100
76 992
461 858
903 263
358 34
819 524
896 511
823 44
433 919
651 327
64 571
708 380
239 138
189 929
311 466
267 207
916 208
314 174
851 509
357 76
803 382
827 356
243 365
67 59
561 873
881 723
399 152
4 552
999 833
530 720
949 42
454 760
360 118
367 901
464 428
275 456
303 493
34 882
200 630
511 590
437 375
169 905
316 616
543 535
986 208
769 638
830 65
423 917
88 870
89 211
115 578
18 49
735 332
937 285
174 36
467 458
914 119
401 72
274 470
536 573
388 338
173 740
356 558
69 531
289 581
372 709
443 674
156 234
444 89
800 225
183 700
352 760
771 178
889 455
782 800
396 171
877 414
606 100
790 383
519 855
520 847
593 879
527 532
334 730
746 762
283 616
68 386
527 645
415 127
718 636
115 937
67 586
799 261
219 903
71 670
917 330
793 980
331 821
44 298
409 931
429 480
486 147
917 443
556 397
22 273
405 151
776 789
561 481
479 925
72 50
271 626
201 402
340 672
993 926
794 345
694 182
519 609
292 654
43 256
543 439
280 742
129 895
578 518
688 202
906 17
450 181
920 909
816 878
532 26
769 696
556 864
815 693
764 3
241 42
697 78
15 104
557 586
123 23
751 884
166 10
459 28
649 60
319 760
179 429
622 899
471 941
19 276
630 414
96 929
333 908
591 997
544 437
653 621
653 337
696 240
496 118
518 601
649 798
834 258
213 839
969 569
416 663
364 377
520 13
986 529
446 983
310 412
758 28
313 117
682 91
187 195
66 717
552 156
625 634
273 429
534 143
520 585
671 116
287 21
538 117
160 431
563 730
819 580
271 545
284 852
793 33
685 19
410 531
361 39
676 810
880 709
366 848
119 830
189 241
706 413
926 406
432 854
767 632
146 988
777 582
742 174
910 938
547 940
315 359
43 253
564 553
180 578
215 923
523 260
686 720
446 85
659 324
536 185
747 408
591 733
5 218
872 113
981 689
820 241
734 923
422 515
844 207
117 955
744 75
600 764
180 199
976 366
304 967
377 663
161 744
174 782
541 331
464 545
763 199
912 533
485 885
514 761
71 252
570 685
40 848
863 96
657 208
977 741
389 639
653 738
231 506
69 491
288 398
291 545
937 119
832 331
49 631
13 20
490 707
933 451
350 367
275 287
340 449
178 36
572 244
519 927
448 866
16 38
54 738
922 22
250 549
288 842
310 267
40 315
24 672
666 19
942 188
345 996
273 133
269 558
666 130
465 323
413 931
345 789
64 835
901 559
979 359
211 513
987 224
523 66
214 275
741 2
137 364
475 795
74 817
344 814
882 216
593 11
656 975
677 763
313 284
665 567
137 78
636 30
53 290
434 941
29 345
470 309
294 103
812 992
961 442
193 80
621 112
913 319
240 213
244 645
830 132
463 933
835 558
843 11
681 180
576 910
412 660
787 960
671 721
352 733
955 642
389 740
818 982
876 96
291 938
643 129
175 390
3 126
767 414
816 716
324 598
365 886
520 803
558 863
26 52
500 227
671 708
117 770
486 906
197 77
974 911
576 74
857 574
174 215
767 252
59 169
827 187
426 752
119 925
979 996
266 857
784 150
949 708
839 688
932 278
736 255
628 389
599 516
867 291
927 29
196 41
721 766
779 26
447 376
358 269
272 600
111 975
646 846
684 405
8 974
627 737
63 808
216 881
909 740
684 36
171 507
172 848
779 248
963 103
160 904
56 123
91 160
539 948
702 448
977 71
458 435
393 22
86 869
158 278
149 32
114 82
646 251
704 904
65 958
912 913
33 216
535 785
312 17
129 685
683 2
316 617
796 291
191 315
839 383
986 209
381 665
75 466
534 831
928 218
714 743
587 383
787 145
536 911
757 643
668 148
924 14
680 570
716 168
535 612
423 762
642 27
784 520
183 526
464 888
835 667
936 482
476 427
173 389
781 198
442 184
748 127
14 719
349 196
847 325
558 776
814 374
192 129
304 459
878 889
874 906
809 278
331 726
667 144
672 522
487 459
20 622
354 140
370 727
331 679
741 932
374 603
323 727
395 194
404 892
975 455
997 667
672 1000
430 968
770 445
828 747
261 550
673 686
470 612
608 69
976 537
333 148
353 574
195 207
756 500
388 590
116 843
431 31
816 1
46 634
765 98
395 118
452 437
312 352
924 575
851 521
271 454
851 758
690 776
103 861
808 943
81 811
630 834
939 107
834 863
284 444
820 798
656 791
930 362
789 549
372 431
892 184
285 774
70 548
821 244
539 559
42 13
601 794
288 133
271 324
666 934
411 65
551 269
420 785
774 251
178 223
730 464
420 864
972 437
888 968
689 681
118 77
710 596
446 980
402 386
978 585
799 565
487 9
255 61
503 563
923 44
960 115
836 718
840 521
589 946
201 113
932 72
297 695
774 106
447 589
180 840
743 837
642 37
564 621
244 87
301 248
358 491
380 663
419 373
383 524
901 953
166 994
358 378
270 496
5 242
788 476
916 137
76 414
132 664
266 450
30 123
17 840
767 712
237 941
519 173
483 501
229 217
237 830
418 376
792 181
422 336
55 621
158 366
87 348
768 174
783 633
254 759
367 956
649 381
744 61
318 16
302 885
322 79
278 94
310 724
668 318
193 87
302 740
507 166
34 554
750 451
365 188
259 723
429 31
191 448
19 307
688 379
728 367
178 880
658 38
736 842
493 681
352 579
773 887
632 991
744 761
575 882
772 177
757 925
151 348
287 436
934 869
59 445
556 869
813 620
390 967
563 125
895 176
308 864
365 657
149 676
996 985
653 84
231 40
469 659
272 177
439 63
223 267
649 757
525 410
451 469
641 677
40 316
297 659
120 10
282 281
374 899
340 535
179 659
538 136
419 128
33 518
107 661
370 449
530 953
175 820
125 105
876 743
751 277
509 906
920 185
387 860
262 88
802 517
864 854
457 640
974 415
298 644
685 792
581 711
402 742
591 402
410 352
599 935
507 503
775 440
859 563
449 306
359 787
964 503
180 390
401 439
668 403
405 755
997 329
397 643
694 699
751 830
682 211
151 628
778 718
586 226
610 529
414 667
186 885
995 249
152 957
598 54
708 658
70 767
715 246
703 409
296 215
391 8
759 150
304 706
123 752
74 468
437 838
834 506
770 914
18 655
143 185
75 962
350 328
104 447
93 250
774 837
177 135
72 939
895 37
309 898
201 9
572 8
629 73
922 107
923 478
582 177
183 30
192 816
652 7
671 997
175 746
642 237
862 592
850 136
465 430
487 533
770 329
784 437
414 112
664 875
371 949
949 790
400 628
419 619
607 986
155 785
711 764
332 631
56 583
134 157
993 731
803 606
623 65
181 94
739 604
845 889
305 406
119 230
824 642
155 64
367 21
330 523
203 779
539 725
400 276
686 888
726 165
336 35
964 124
808 722
471 538
114 309
13 919
678 758
91 623
203 105
520 309
591 938
869 564
109 895
312 735
230 925
835 525
731 940
597 11
834 431
874 640
782 951
396 214
515 792
383 70
886 123
745 885
468 192
884 584
10 803
356 925
175 315
110 912
770 233
761 349
264 515
830 765
45 859
743 132
982 808
680 6
767 734
206 278
723 168
686 28
279 478
852 268
581 202
374 600
10 942
162 315
348 210
167 558
784 258
621 638
774 365
262 145
335 581
599 664
772 838
746 442
333 100
963 181
985 909
802 237
146 521
223 629
557 277
427 112
963 66
416 271
370 960
953 216
42 345
918 686
704 870
650 100
649 320
905 841
263 684
413 351
200 660
954 613
441 654
479 194
674 868
490 809
877 939
553 525
460 301
730 191
34 630
222 499
273 959
69 612
420 786
576 600
193 136
199 886
666 633
459 717
26 472
446 981
729 159
884 573
222 188
300 606
874 631
692 900
562 85
974 554
223 274
478 469
980 127
247 648
303 650
899 499
25 677
836 606
221 77
272 229
37 427
741 967
906 620
11 832
504 398
323 690
395 225
604 321
987 587
288 927
251 212
411 143
958 244
742 499
926 762
486 189
72 193
743 200
920 303
421 814
82 486
284 942
304 52
124 685
880 917
83 849
928 889
647 639
676 699
453 750
426 378
357 386
485 221
68 971
522 854
845 173
403 166
59 536
887 216
869 39
356 78
138 153
447 145
216 729
821 388
369 461
66 122
394 510
802 467
659 326
695 540
829 522
756 542
760 601
356 172
322 76
643 858
756 446
863 319
367 556
27 417
89 152
236 576
735 369
765 599
613 661
282 529
634 544
892 332
950 916
972 244
522 679
561 562
71 860
790 616
863 98
540 7
498 766
203 82
106 735
731 916
680 642
761 345
191 822
767 279
1 714
771 506
552 235
33 374
62 545
347 665
340 451
303 825
586 423
22 687
823 438
382 834
678 415
476 259
188 143
596 252
511 267
935 637
315 244
883 415
374 529
732 867
474 927
491 983
883 505
262 428
652 28
391 200
124 979
710 814
681 564
274 507
597 212
140 735
77 368
681 581
629 775
958 711
23 626
530 950
146 943
680 395
521 649
561 35
963 252
836 118
674 377
464 533
751 133
898 625
737 479
663 947
405 943
445 722
392 450
600 849
656 547
508 54
953 167
276 188
225 796
707 112
858 236
986 473
324 704
640 520
720 261
646 29
43 104
651 873
677 761
15 454
199 357
790 968
478 126
511 993
1000 420
700 829
347 527
591 800
351 463
228 282
765 621
895 642
794 667
806 177
960 577
762 725
299 997
504 913
910 242
170 302
192 874
653 691
51 986
735 11
890 224
430 391
786 497
421 320
614 731
26 272
46 617
597 840
657 483
14 608
606 30
758 245
788 994
957 589
40 394
395 216
399 688
127 799
172 270
743 65
379 818
549 408
277 69
600 608
158 856
513 383
377 760
471 96
438 363
940 41
778 220
376 990
855 478
972 951
534 753
681 835
405 963
464 129
798 42
30 432
508 90
938 295
612 320
488 406
930 213
768 248
807 185
42 501
777 894
544 607
583 598
693 50
342 64
894 621
18 266
613 354
916 279
369 102
191 293
449 398
639 847
436 188
644 377
127 55
626 473
4 111
497 267
89 65
752 271
164 405
75 50
937 147
117 659
402 433
648 41
832 262
923 113
744 562
31 596
412 762
805 125
619 863
224 421
97 169
638 751
248 299
139 396
182 482
277 278
975 163
74 906
951 380
112 505
149 844
296 752
867 635
32 682
339 178
275 113
939 853
21 130
793 985
426 722
569 898
549 444
113 263
201 262
665 151
370 439
222 684
461 972
245 597
339 400
875 706
24 618
3 681
140 630
777 250
419 441
557 131
501 961
573 352
384 959
277 163
36 212
125 882
55 619
719 512
578 692
959 17
262 835
963 978
18 479
20 369
919 871
886 766
707 473
503 42
170 8
930 360
860 745
863 730
848 33
703 109
981 779
679 244
494 507
187 794
709 881
191 430
109 209
957 599
645 181
259 262
955 997
929 642
808 493
716 206
224 422
277 886
4 210
356 717
148 901
649 876
923 93
355 399
306 121
610 171
41 252
630 46
689 568
176 597
430 46
253 601
624 83
112 263
114 877
614 626
390 616
622 384
175 478
602 950
700 15
828 52
81 729
169 872
444 541
378 569
899 259
25 434
984 665
125 353
44 265
137 953
68 135
864 110
421 813
909 962
466 838
768 868
186 57
868 573
23 734
392 600
121 740
452 260
91 460
917 190
349 908
566 95
896 119
733 550
807 355
884 179
417 667
525 794
932 679
140 454
626 861
402 787
720 282
668 538
280 331
869 439
321 353
655 780
731 442
34 838
935 12
337 767
484 890
843 693
95 832
798 687
179 285
809 758
321 60
503 300
70 657
17 283
308 302
695 850
535 569
493 790
97 533
723 713
282 897
375 278
24 625
498 767
72 657
958 617
123 726
454 24
469 462
843 241
222 14
80 739
968 184
873 55
117 109
689 548
247 916
446 833
801 694
808 118
939 832
615 819
339 12
552 123
735 746
850 384
945 156
582 75
106 144
897 721
606 861
20 544
844 850
663 270
465 311
133 810
841 44
861 433
993 249
477 392
426 682
745 785
693 744
608 912
10 834
715 805
759 1000
619 842
337 31
945 856
349 912
371 840
745 59
17 810
949 155
147 347
385 466
781 936
696 640
347 352
583 621
416 167
803 565
990 625
1000 248
459 251
388 181
873 953
513 760
485 368
316 567
947 317
227 244
14 186
401 215
920 533
264 217
908 738
915 282
627 996
956 758
408 900
635 49
874 795
378 74
86 395
344 86
697 726
865 564
189 114
136 354
1 388
532 640
38 377
114 979
188 78
250 243
142 889
931 526
344 884
40 109
683 645
776 289
631 715
463 117
304 546
364 414
112 335
934 534
503 997
309 896
832 999
524 997
466 93
784 122
514 143
336 625
20 314
370 400
707 531
945 922
656 467
951 425
608 956
914 919
607 806
975 258
922 442
912 109
893 917
210 952
559 1
89 523
775 107
135 456
140 546
90 853
841 699
419 621
721 925
65 657
262 981
444 936
300 797
674 13
513 905
931 390
751 9
973 63
186 723
258 804
423 34
6 462
808 950
458 755
194 998
650 245
750 861
547 583
363 690
34 654
924 582
4 842
406 994
543 531
752 546
293 276
407 268
857 169
768 438
751 717
523 700
230 768
502 37
584 958
931 453
142 124
883 967
296 181
804 579
550 433
886 121
82 272
134 904
395 904
514 478
511 236
849 426
357 758
912 141
291 435
918 407
671 677
818 219
966 483
73 16
599 514
387 730
874 322
263 900
770 9
183 124
315 428
195 978
671 987
799 150
984 557
414 432
35 61
55 422
183 237
115 203
79 374
888 73
525 642
983 842
784 260
414 451
841 885
719 892
106 315
854 989
871 913
823 854
894 498
417 222
627 213
989 454
483 589
565 663
513 100
417 79
299 47
377 835
560 392
387 274
414 927
503 432
350 537
707 472
543 614
855 176
693 21
416 239
528 987
811 438
8 297
748 340
138 596
431 297
623 679
56 53
330 700
919 580
522 830
394 653
397 346
311 692
801 478
805 318
259 406
8 150
541 276
728 261
198 153
771 371
554 129
256 964
791 876
695 214
781 150
766 940
692 791
17 233
643 333
848 765
153 985
581 505
344 812
532 815
202 438
421 744
283 731
67 957
72 918
585 623
151 46
118 669
819 682
947 481
201 199
864 257
611 524
337 391
417 559
186 228
799 138
214 702
659 799
418 947
914 844
757 284
760 48
563 591
430 602
698 234
774 335
413 84
889 637
85 820
62 237
453 748
811 982
295 249
84 69
779 180
836 419
11 367
441 93
727 75
33 443
18 433
705 617
189 568
741 123
523 312
377 968
157 26
878 188
788 172
351 324
243 583
643 270
851 772
449 452
268 824
556 727
299 326
247 685
514 979
143 505
361 301
403 356
12 886
321 51
716 156
386 753
558 651
26 536
84 278
856 295
773 884
503 589
450 635
804 670
571 893
311 446
57 715
499 902
482 840
841 407
250 441
59 446
469 559
796 712
892 865
785 345
589 851
538 179
611 987
261 968
443 61
912 100
469 769
664 709
594 890
176 408
558 33
210 115
139 181
343 333
439 222
850 163
832 698
780 186
858 694
417 420
542 488
664 995
314 36
2 649
958 596
413 193
552 583
750 15
977 462
281 631
210 439
928 758
975 53
837 618
603 612
189 747
113 122
997 148
466 732
195 422
365 937
901 350
5 169
842 305
925 72
530 632
858 157
108 524
255 975
437 286
430 890
995 284
32 392
365 12
234 929
740 40
742 650
653 300
394 754
514 951
435 800
648 209
385 925
397 354
387 148
726 41
541 299
434 233
644 52
866 228
155 1
249 222
623 704
184 623
259 127
300 657
579 678
605 442
363 51
753 751
628 973
80 863
192 742
47 373
120 131
701 485
400 86
829 272
802 657
304 122
857 554
162 560
897 643
178 905
632 830
975 126
443 89
923 467
124 898
733 56
750 805
842 400
770 469
741 622
577 965
372 199
119 757
533 882
828 690
671 4
964 18
672 868
54 14
772 877
628 167
612 620
522 372
996 387
45 329
376 992
969 600
190 425
8 787
820 992
180 327
492 99
241 375
848 281
688 178
233 731
769 343
916 418
80 66
977 212
262 756
899 657
693 588
354 400
961 376
123 85
507 242
803 929
56 26
829 673
80 352
578 483
855 189
468 783
164 512
754 224
242 460
886 813
319 592
500 815
658 474
17 482
950 850
810 161
478 51
620 264
69 542
473 849
735 105
368 137
689 641
819 2
13 199
731 990
809 120
23 18
134 905
126 419
625 448
878 914
679 743
478 508
321 551
322 792
490 406
921 625
650 798
290 416
780 397
304 350
36 109
386 364
172 349
671 821
766 333
126 236
412 636
439 145
227 875
374 974
604 495
490 219
672 859
859 731
676 819
912 125
219 184
860 276
266 91
972 553
80 643
519 52
155 985
101 5
836 72
765 126
323 23
126 417
219 70
627 69
542 254
379 284
271 908
609 579
871 711
547 661
199 414
881 323
238 192
557 564
30 332
33 248
696 808
844 160
968 265
846 562
979 315
1000 510
854 9
469 101
473 98
401 269
919 583
26 934
191 424
89 50
507 783
401 158
846 716
423 517
942 527
504 759
40 502
69 609
126 658
203 487
867 76
514 641
285 81
94 644
64 158
874 739
846 535
472 371
994 942
407 983
525 144
193 431
620 18
438 971
3 186
991 757
813 661
481 84
232 974
571 431
199 550
184 773
685 475
577 754
999 21
766 736
962 915
45 973
546 722
304 201
638 340
159 69
70 416
163 30
36 272
681 733
612 887
774 546
335 772
84 516
766 504
72 196
932 298
310 346
438 55
228 975
789 16
903 104
121 746
740 109
324 220
157 247
641 653
570 16
94 818
574 632
67 563
668 741
521 186
137 379
484 6
525 792
940 674
292 761
161 109
915 836
720 284
697 256
137 452
356 216
185 464
848 112
649 353
812 731
560 260
725 726
858 41
677 595
734 924
832 784
96 868
281 982
907 902
544 298
877 911
228 259
754 217
43 700
464 663
84 416
66 247
564 106
900 84
394 765
619 618
32 186
895 969
217 242
145 125
660 564
277 648
782 718
43 602
528 570
856 471
710 470
303 996
530 104
2 433
455 745
118 285
505 24
757 692
900 281
723 918
503 658
508 824
948 525
91 624
594 601
727 855
103 25
382 208
899 464
352 387
940 764
521 113
908 98
673 379
892 977
384 398
572 983
629 226
900 974
813 411
173 124
417 458
71 861
888 19
339 477
625 980
257 82
901 921
794 363
617 836
983 781
737 355
633 434
806 665
673 948
95 627
816 860
544 566
17 586
324 594
511 592
807 103
958 145
82 924
284 480
341 241
198 698
583 295
251 236
56 494
40 531
259 307
811 270
423 636
299 562
169 194
129 199
373 802
148 968
592 270
408 821
597 115
778 959
216 18
531 349
312 549
900 366
494 781
596 317
279 99
852 167
395 622
416 579
827 611
637 776
767 389
435 462
954 91
206 399
838 176
162 561
606 940
222 917
796 604
836 913
999 71
966 276
823 181
610 290
945 15
703 347
439 317
568 786
222 695
84 23
723 494
724 925
53 97
784 282
215 282
551 668
914 917
992 477
828 691
595 168
335 621
375 592
323 941
253 52
376 259
537 231
332 933
171 353
927 830
215 120
987 195
231 191
427 8
137 667
142 525
829 853
147 377
276 851
684 176
405 561
683 654
47 656
104 58
973 142
483 158
47 513
488 296
325 145
661 465
111 398
207 847
523 464
798 858
910 304
344 359
53 257
184 208
772 305
868 154
7 720
820 37
640 707
750 162
938 1000
817 989
325 530
786 36
847 957
631 26
423 753
373 774
320 190
835 753
530 33
624 844
680 718
843 42
554 171
648 44
377 428
454 88
224 457
305 776
183 811
59 505
528 288
766 656
503 858
832 933
236 695
741 213
206 491
867 495
939 906
562 67
50 175
514 254
533 578
123 995
2 10
729 579
713 70
367 269
582 12
421 933
376 176
400 736
54 120
628 21
242 760
577 849
119 642
634 930
893 951
906 288
609 352
99 942
685 971
337 101
708 124
195 67
241 385
459 470
67 29
964 277
358 524
310 931
426 164
579 118
7 897
502 603
456 451
159 730
403 108
189 387
341 824
750 92
954 609
8 299
905 35
854 14
514 973
68 363
881 428
422 154
170 451
527 13
913 361
455 486
238 914
976 279
904 116
958 395
373 873
688 667
835 604
583 123
622 993
990 907
293 249
4 364
151 15
197 349
843 167
862 65
420 252
23 49
335 451
856 26
106 921
657 31
325 185
787 620
239 679
404 584
60 58
102 421
729 445
343 581
271 105
550 701
510 270
231 912
782 544
112 536
371 309
997 553
741 690
456 21
366 632
724 870
907 142
257 93
894 50
222 473
531 473
67 351
841 791
146 839
480 745
888 214
462 297
525 565
253 508
660 300
555 446
388 559
580 27
955 31
86 514
901 727
354 644
262 915
428 431
325 976
843 584
389 20
467 844
161 477
234 765
863 682
976 70
830 289
483 214
857 453
158 482
87 456
181 771
98 74
303 272
125 742
455 53
441 543
819 797
375 354
112 914
39 651
316 780
523 710
356 541
85 57
661 860
991 421
903 967
939 534
133 467
635 391
614 819
705 245
302 165
576 838
46 174
818 959
430 73
953 924
127 1
473 682
79 930
849 133
214 911
31 847
602 905
287 209
787 761
458 793
261 822
390 730
652 137
720 927
239 409
115 871
903 280
136 788
509 163
291 496
58 461
297 807
465 325
646 725
297 944
872 520
465 470
854 936
604 71
841 819
382 365
310 222
171 260
285 276
225 679
851 599
466 587
747 742
877 555
59 581
497 807
746 402
431 540
930 205
473 270
289 4
648 614
812 297
480 834
491 192
323 268
18 290
755 273
369 126
631 354
392 179
670 298
817 726
784 612
901 373
61 753
479 6
88 657
179 378
186 951
777 433
852 595
88 768
325 573
472 159
588 117
509 33
386 723
633 612
133 422
445 116
341 619
545 814
620 294
342 996
424 401
23 411
373 978
122 82
973 136
681 207
809 2
792 880
297 310
454 713
743 441
320 113
435 416
476 332
738 27
758 94
468 280
969 469
861 68
773 331
843 508
232 775
893 622
529 173
162 590
76 904
451 536
106 243
699 394
130 131
993 169
499 416
547 302
859 576
861 402
129 473
58 481
422 838
629 886
757 289
428 51
67 373
374 787
915 707
823 90
491 725
223 894
24 416
668 921
975 271
867 910
686 342
319 299
232 451
485 63
512 693
898 34
388 592
595 792
303 557
690 572
855 474
569 693
418 219
661 141
385 386
11 328
693 284
606 846
776 730
848 283
521 395
498 156
337 794
637 143
178 245
103 823
334 278
398 299
816 597
688 259
670 247
527 266
327 412
38 845
554 480
422 492
902 794
389 253
569 817
929 920
821 154
949 469
915 93
133 248
483 127
691 642
696 108
496 242
459 966
207 620
78 796
972 108
304 901
674 575
587 450
680 544
462 849
863 17
703 440
852 998
815 210
397 21
880 423
322 316
330 968
739 108
278 376
28 279
164 375
718 826
993 265
960 510
807 862
322 743
749 716
308 950
112 287
684 781
331 639
888 656
761 134
870 544
304 449
549 758
309 880
473 738
58 560
511 382
188 179
709 511
807 484
550 737
555 905
443 330
754 308
480 113
780 30
158 670
556 360
571 355
423 820
880 296
598 876
693 700
988 72
914 871
737 200
709 162
660 410
225 525
79 478
210 347
194 628
780 979
915 588
437 144
935 689
77 137
997 853
798 251
637 433
416 405
306 985
626 930
132 561
81 95
526 737
366 8
24 201
1000 194
411 699
532 33
773 345
705 563
152 685
150 904
318 126
125 592
493 12
406 909
977 839
137 136
210 319
518 310
921 869
204 807
223 69
575 304
852 907
818 551
800 38
616 334
340 214
892 523
344 17
36 719
148 897
544 170
641 768
180 704
438 606
866 29
174 964
231 173
749 688
127 108
978 722
594 514
155 958
960 248
121 172
250 520
316 122
735 515
558 8
67 559
323 697
231 992
750 880
469 987
864 499
21 162
397 188
261 755
82 80
780 145
323 838
675 445
291 420
186 82
997 778
582 412
676 849
759 768
779 88
671 222
909 725
750 573
396 1000
271 716
57 336
885 758
962 597
416 433
533 394
39 241
356 75
805 245
